28534.156147 -9 4100 -9 36 47 64 
28534.221186 -9 -9 1 -9 -9 -9 
28535.949524 -9 4101 -9 866 619 74 
28535.984317 -9 -9 1 -9 -9 -9 
28537.381906 -9 4102 -9 367 957 71 
28537.430281 -9 -9 1 -9 -9 -9 
28544.111404 -9 4103 -9 642 733 43 
28544.192894 -9 -9 -9 643 731 58 
28544.209191 -9 -9 -9 645 729 60 
28544.225489 -9 -9 -9 647 727 61 
28544.241787 -9 -9 -9 650 725 62 
28544.258024 -9 -9 -9 654 722 -9 
28544.274352 -9 -9 -9 659 717 63 
28544.290711 -9 -9 -9 666 710 -9 
28544.306948 -9 -9 -9 673 703 62 
28544.323216 -9 -9 -9 680 696 -9 
28544.339513 -9 -9 -9 689 687 -9 
28544.355842 -9 -9 -9 697 677 63 
28544.372201 -9 -9 -9 704 669 62 
28544.388377 -9 -9 -9 711 662 61 
28544.404705 -9 -9 -9 718 655 62 
28544.420972 -9 -9 -9 725 648 -9 
28544.437331 -9 -9 -9 732 642 -9 
28544.453629 -9 -9 -9 739 635 63 
28544.469958 -9 -9 -9 746 629 62 
28544.486225 -9 -9 -9 752 623 -9 
28544.502462 -9 -9 -9 758 618 61 
28544.518760 -9 -9 -9 764 613 62 
28544.535058 -9 -9 -9 768 609 63 
28544.551325 -9 -9 -9 772 605 -9 
28544.567684 -9 -9 -9 775 602 -9 
28544.583982 -9 -9 -9 777 600 62 
28544.600280 -9 -9 -9 779 598 -9 
28544.616577 -9 -9 -9 780 596 63 
28544.632875 -9 -9 -9 781 595 -9 
28544.649173 -9 -9 -9 -9 594 -9 
28544.665471 -9 -9 -9 -9 593 62 
28544.681738 -9 -9 -9 782 592 60 
28544.698067 -9 -9 -9 783 589 50 
28544.713876 -9 -9 1 -9 -9 -9 
28546.277557 -9 4104 -9 1526 434 62 
28546.342260 -9 -9 1 -9 -9 -9 
28548.087263 -9 4105 -9 1377 286 57 
28548.119889 -9 -9 -9 1378 283 52 
28548.135698 -9 -9 1 -9 -9 -9 
28548.998815 -9 4106 -9 902 167 58 
28549.032082 -9 -9 1 -9 -9 -9 
28551.151600 -9 4107 -9 897 188 59 
28551.184043 -9 -9 1 -9 -9 -9 
28552.584562 -9 4108 -9 659 151 61 
28552.649204 -9 -9 1 -9 -9 -9 
28553.675207 -9 4109 -9 1132 188 58 
28553.723521 -9 -9 1 -9 -9 -9 
28555.140551 -9 4110 -9 257 208 63 
28555.205224 -9 -9 1 -9 -9 -9 
28556.296358 -9 4111 -9 145 488 61 
28556.361091 -9 -9 1 -9 -9 -9 
28557.892390 -9 4112 -9 1438 321 55 
28557.956788 -9 -9 1 -9 -9 -9 
28559.487934 -9 4113 -9 397 154 60 
28559.553126 -9 -9 -9 400 152 50 
28559.568905 -9 -9 1 -9 -9 -9 
28560.643863 -9 4114 -9 1338 246 53 
28560.692512 -9 -9 1 -9 -9 -9 
28561.636721 -9 4115 -9 1018 170 57 
28561.701424 -9 -9 1 -9 -9 -9 
28563.706674 -9 4116 -9 677 157 61 
28563.739300 -9 -9 -9 681 154 52 
28563.755079 -9 -9 1 -9 -9 -9 
28564.634432 -9 4117 -9 942 186 56 
28564.699135 -9 -9 1 -9 -9 -9 
28566.262755 -9 4118 -9 771 162 31 
28566.278656 -9 -9 1 -9 -9 -9 
28567.744610 -9 4119 -9 766 173 57 
28567.825550 -9 -9 1 -9 -9 -9 
28568.786332 -9 4120 -9 782 157 55 
28568.867394 -9 -9 1 -9 -9 -9 
28569.877221 -9 4121 -9 469 168 60 
28569.958161 -9 -9 1 -9 -9 -9 
28572.044504 -9 4122 -9 509 167 -9 
28572.109146 -9 -9 1 -9 -9 -9 
28572.988865 -9 4123 -9 214 293 63 
28573.005437 1 4124 -9 689 98 -9 
28573.037392 -9 -9 1 -9 -9 -9 
28573.069561 0 -9 1 -9 -9 -9 
28573.835775 -9 4125 -9 277 212 60 
28573.868279 -9 -9 -9 278 210 56 
28573.884088 -9 -9 1 -9 -9 -9 
28576.881494 -9 4126 -9 1418 288 55 
28576.929961 -9 -9 -9 1416 277 53 
28576.945801 -9 -9 1 -9 -9 -9 
28578.346411 -9 4127 -9 1144 186 56 
28578.395335 -9 -9 -9 1145 179 51 
28578.412762 -9 -9 1 -9 -9 -9 
28579.209863 -9 4128 -9 1041 206 58 
28579.274627 -9 -9 1 -9 -9 -9 
28581.002630 -9 4129 -9 691 149 54 
28581.018866 -9 -9 1 -9 -9 -9 
28581.865441 -9 4130 -9 913 173 58 
28581.946442 -9 -9 1 -9 -9 -9 
28583.558985 -9 4131 -9 254 201 65 
28583.623689 -9 -9 1 -9 -9 -9 
28585.547571 -9 4132 -9 1058 177 29 
28585.579678 -9 -9 1 -9 -9 -9 
28586.882685 -9 4133 -9 1403 285 56 
28586.931090 -9 -9 1 -9 -9 -9 
28589.048319 -9 4134 -9 1104 201 55 
28589.096724 -9 -9 1 -9 -9 -9 
28590.627900 -9 4135 -9 495 170 58 
28590.644107 -9 -9 -9 498 169 55 
28590.663701 -9 -9 -9 500 168 16 
28590.676153 -9 -9 1 -9 -9 -9 
28591.588285 -9 4136 -9 1044 204 57 
28591.652988 -9 -9 1 -9 -9 -9 
28592.776657 -9 4137 -9 764 168 58 
28592.825032 -9 -9 1 -9 -9 -9 
28593.867394 -9 4138 -9 870 177 57 
28593.903713 -9 -9 -9 871 174 52 
28593.916043 -9 -9 1 -9 -9 -9 
28595.169942 -9 4139 -9 760 144 60 
28595.250974 -9 -9 1 -9 -9 -9 
28596.879877 -9 4140 -9 607 155 59 
28596.944610 -9 -9 1 -9 -9 -9 
28599.450150 -9 4141 -9 1037 188 -9 
28599.498586 -9 -9 1 -9 -9 -9 
28601.472186 -9 4142 -9 943 193 57 
28601.504323 -9 -9 1 -9 -9 -9 
28603.281952 -9 4143 -9 1582 481 59 
28603.330479 -9 -9 1 -9 -9 -9 
28604.129045 -9 4144 -9 832 162 60 
28604.193779 -9 -9 1 -9 -9 -9 
28605.235988 -9 4145 -9 1330 247 56 
28605.300692 -9 -9 1 -9 -9 -9 
28606.147571 -9 4146 -9 920 200 59 
28606.195915 -9 -9 1 -9 -9 -9 
28606.978457 -9 4147 -9 825 175 58 
28607.011572 -9 -9 1 -9 -9 -9 
28608.052836 -9 4148 -9 1048 184 56 
28608.101332 -9 -9 1 -9 -9 -9 
28609.078229 -9 4149 -9 1440 321 -9 
28609.127153 -9 -9 -9 1441 317 43 
28609.143145 -9 -9 1 -9 -9 -9 
28609.941711 -9 4150 -9 684 148 60 
28609.990452 -9 -9 1 -9 -9 -9 
28610.788895 -9 4151 -9 1187 198 55 
28610.869958 -9 -9 1 -9 -9 -9 
28611.912259 -9 4152 -9 1293 221 56 
28611.961061 -9 -9 -9 -9 218 47 
28611.976992 -9 -9 1 -9 -9 -9 
28612.889094 -9 4153 -9 470 205 61 
28612.953705 -9 -9 1 -9 -9 -9 
28613.800432 -9 4154 -9 1031 237 56 
28613.865715 -9 -9 -9 1035 228 47 
28613.881464 -9 -9 1 -9 -9 -9 
28615.658726 -9 4155 -9 926 185 59 
28615.707192 -9 -9 1 -9 -9 -9 
28619.471850 -9 4156 -9 29 1161 57 
28619.552912 -9 -9 1 -9 -9 -9 
28621.800920 -9 4157 -9 902 469 58 
28621.849356 -9 -9 1 -9 -9 -9 
28629.289033 -9 4158 -9 1251 1054 63 
28629.337896 -9 -9 -9 1248 1053 60 
28629.354133 -9 -9 -9 1246 1052 26 
28629.369973 -9 -9 1 -9 -9 -9 
28630.444687 -9 4159 -9 995 1071 64 
28630.477282 -9 -9 -9 979 1054 52 
28630.493123 -9 -9 1 -9 -9 -9 
28633.556300 -9 4160 -9 129 734 61 
28633.653568 -9 -9 1 -9 -9 -9 
28634.565242 -9 4161 -9 786 1020 66 
28634.629884 -9 -9 1 -9 -9 -9 
28635.379556 -9 4162 -9 1203 1051 63 
28635.412091 -9 -9 -9 -9 1048 56 
28635.427931 -9 -9 1 -9 -9 -9 
28636.909909 -9 4163 -9 352 998 61 
28636.958741 -9 -9 -9 348 989 50 
28636.974612 -9 -9 1 -9 -9 -9 
28638.850241 -9 4164 -9 518 1070 66 
28638.882776 -9 -9 -9 517 1064 62 
28638.898891 -9 -9 -9 516 1061 12 
28638.914884 -9 -9 1 -9 -9 -9 
28640.870141 -9 4165 -9 1231 998 61 
28640.934752 -9 -9 1 -9 -9 -9 
28641.911831 -9 4166 -9 1371 1057 62 
28641.944427 -9 -9 -9 -9 1053 54 
28641.960267 -9 -9 1 -9 -9 -9 
28642.742718 -9 4167 -9 1401 1092 60 
28642.807391 -9 -9 1 -9 -9 -9 
28643.541009 -9 4168 -9 1090 1008 62 
28643.621918 -9 -9 1 -9 -9 -9 
28644.501394 -9 4169 -9 630 1026 66 
28644.550226 -9 -9 -9 633 1022 51 
28644.565975 -9 -9 1 -9 -9 -9 
28645.429060 -9 4170 -9 947 1016 60 
28645.461656 -9 -9 -9 948 1013 51 
28645.477496 -9 -9 1 -9 -9 -9 
28646.487171 -9 4171 -9 1241 1032 59 
28646.568233 -9 -9 1 -9 -9 -9 
28647.773025 -9 4172 -9 967 588 57 
